
TChem-atm:
  function: absorb_tiny_nh4cl
input:
  fixed:
    delta_nh3_max: [  0.61359729047771015E-003]
    delta_hcl_max: [  0.92626731260374997E-004]
    electrolyte_sum: [  0.48107004430391655E-002]
    aer_solid: [  0.14708277784120175E-003,  0.45309912803612471E-002,  0.00000000000000000E+000,  0.45309912803612471E-002,  0.00000000000000000E+000,  0.00000000000000000E+000,  0.00000000000000000E+000,  0.53063437933679607E-007,  0.34309098696288113E-007,  0.00000000000000000E+000,  0.00000000000000000E+000,  0.00000000000000000E+000,  0.00000000000000000E+000,  0.00000000000000000E+000,  0.00000000000000000E+000,  0.14708277784120175E-003,  0.44132661523411070E+001,  0.00000000000000000E+000,  0.00000000000000000E+000]
    aer_liquid: [  0.00000000000000000E+000,  0.14055044626489627E-003,  0.00000000000000000E+000,  0.12470232340853690E-003,  0.00000000000000000E+000,  0.00000000000000000E+000,  0.00000000000000000E+000,  0.00000000000000000E+000,  0.00000000000000000E+000,  0.00000000000000000E+000,  0.00000000000000000E+000,  0.00000000000000000E+000,  0.00000000000000000E+000,  0.00000000000000000E+000,  0.00000000000000000E+000,  0.79240614281797094E-005,  0.00000000000000000E+000,  0.00000000000000000E+000,  0.00000000000000000E+000]
    aer_total: [  0.14708277784120175E-003,  0.46715417266261433E-002,  0.00000000000000000E+000,  0.46556936037697840E-002,  0.00000000000000000E+000,  0.00000000000000000E+000,  0.00000000000000000E+000,  0.53063437933679607E-007,  0.34309098696288113E-007,  0.00000000000000000E+000,  0.00000000000000000E+000,  0.00000000000000000E+000,  0.00000000000000000E+000,  0.00000000000000000E+000,  0.00000000000000000E+000,  0.15500683926938146E-003,  0.44132661523411070E+001,  0.00000000000000000E+000,  0.00000000000000000E+000]
    gas: [  0.17044349063559794E+000,  0.63964638377538643E+003,  0.27947984707846661E+002,  0.14218331281569331E+003,  0.00000000000000000E+000,  0.19977325699163750E+001,  0.23912528234289732E+001,  0.38036793065424035E+000,  0.24396504863426779E+000,  0.00000000000000000E+000,  0.00000000000000000E+000,  0.00000000000000000E+000,  0.00000000000000000E+000]
